- ID: 1
  label: Design
  horizontalPosition: 1.34099667358398e+3
  width: 6e+0
- ID: 2
  label: Floor flowcharts
  horizontalPosition: 2.06055633544922e+3
  width: 4e+0
- ID: 3
  label: Flongwaffle
  horizontalPosition: 2.35126727294922e+3
  width: 8e+0
